1 -165.12201 -58.81262
2 -246.20971 996.78897
3 352.69330 -674.85281
4 -459.71096 -699.59710
5 650.58116 835.86712
6 -657.48707 493.11018
7 615.13119 655.95122
8 470.52672 215.40557
9 966.03660 -174.02745
10 -422.74358 657.11980
11 -53.75099 881.51429
12 748.15817 899.79910
13 138.69114 -231.90935
14 -859.67285 517.70812
15 -486.40691 367.01635
16 799.52644 -665.99894
17 -0.03028 857.87141
18 -995.68305 -97.56488
19 -373.28924 -901.71301
20 -230.32558 21.32750
21 593.20750 219.35463
22 -11.81865 385.28613
23 -493.60609 -284.95900
24 -904.91441 -658.42849
25 -539.46761 -553.43277
26 -885.77937 641.77640
27 638.02840 187.79052
28 474.98413 -934.16333
29 674.01001 605.20375
30 86.27714 844.21661
31 154.36298 896.24687
32 -188.49316 915.43791
33 306.36407 -297.79781
34 -290.53950 -770.04796
35 -806.99093 -632.97640
36 -810.93961 -452.31797
37 -463.41565 -868.97215
38 571.71398 475.38813
39 -326.01496 428.45424
40 -536.82531 -148.65883
41 -914.26515 -899.52236
42 807.53400 8.61408
43 -557.38347 40.33661
44 529.16660 934.63047
45 -821.72533 554.81788
46 264.15553 893.43833
47 223.10586 -443.58368
48 840.92525 -311.49644
49 -275.79587 593.06663
50 890.51577 417.64713
51 -671.91702 -322.57764
52 250.13219 -691.92221
53 -82.65157 -104.76481
54 -330.69130 18.29943
55 569.45016 -147.53363
56 736.22835 655.00189
57 945.09173 163.33900
58 912.44292 676.87039
59 315.83332 -613.38065
60 97.44103 843.57848
61 4.87380 84.99254
62 -759.78474 417.05607
63 -858.04781 -987.52297
64 173.18225 -66.54614
65 322.76173 827.39898
66 -935.48721 -961.94840
67 15.22202 183.52742
68 -331.86761 -888.31210
69 369.40968 569.54814
70 896.35564 -283.88436
71 464.89899 -152.86760
72 148.32056 247.01625
73 -31.28147 80.43522
74 -701.90689 -392.76643
75 679.08244 954.93603
76 279.51431 -800.88284
77 -505.49178 -148.88808
78 -199.43439 83.69141
79 -25.11433 -531.48756
80 -121.76795 -234.30373
81 850.51557 -211.61641
82 605.54490 -262.62631
83 587.08858 -881.93506
84 -154.31066 -349.79955
85 -570.97050 977.96428
86 -606.23481 -217.40238
87 220.58374 -328.00996
88 554.99275 332.97492
89 743.47662 -475.09794
90 58.85759 -8.70469
91 -688.07052 975.11746
92 -238.10695 -771.32540
93 -69.73071 979.08767
94 687.50023 -206.64223
95 -554.67855 -486.55967
96 -390.58948 -987.25686
97 815.22927 353.65842
98 606.09685 -325.04799
99 -131.70403 763.14615
100 796.64485 -500.22837
101 -260.10126 -755.88972
102 814.29625 507.62473
103 -447.52294 -918.23717
104 482.08214 -43.44991
105 -156.94857 55.93030
106 625.66485 941.00420
107 744.68008 -600.76898
108 991.71142 232.62337
109 -7.28309 -151.43767
110 -164.17480 -508.08626
111 453.68430 -533.28416
112 902.26317 -408.83537
113 -935.97036 803.51789
114 238.37291 462.70837
115 817.98674 -79.02960
116 569.88261 622.97879
117 758.21582 824.44520
118 808.88422 -678.35209
119 -200.14964 -77.93660
120 674.54984 126.44836
121 658.03060 276.96887
122 -622.67305 -321.88141
123 150.95813 622.28389
124 850.55971 -663.76612
125 -285.04231 -623.88761
126 109.18730 485.51593
127 -905.01336 -775.96525
128 -26.62634 383.54206
129 863.48460 -770.88385
130 615.62503 604.60095
131 -327.58944 884.52838
132 173.15629 370.77367
133 -42.23495 41.46362
134 -987.03075 360.14279
135 -807.14837 225.09636
136 -854.69121 943.36390
137 725.98195 493.92788
138 -248.13224 223.65989
139 740.28371 702.92607
140 -171.68807 -258.37263
141 -62.27694 798.45120
142 -463.59786 -744.92766
143 176.40674 603.03638
144 -980.80855 615.42079
145 -520.31849 440.67010
146 -846.51905 436.07762
147 -412.49751 908.30530
148 996.91764 -15.56461
149 534.99452 116.89868
150 -467.17572 528.06292
151 620.08401 805.36165
152 724.05215 -773.06832
153 -438.46811 -126.61814
154 857.85098 587.36560
155 -349.34863 -915.84634
156 -303.04552 -520.27082
157 264.44730 -44.36763
158 47.78203 -229.30475
159 -765.13310 189.00697
160 14.86028 -267.73637
161 258.30515 -624.33734
162 431.27236 -436.47112
163 781.46115 178.98387
164 738.14449 -402.47631
165 -385.90564 -295.07483
166 -68.11671 64.29276
167 -103.81658 355.35743
168 -893.91878 642.68048
169 986.44311 100.77282
170 585.70826 457.14254
171 341.10829 814.01186
172 -315.58617 662.22181
173 -483.65408 74.25281
174 711.46449 306.15460
175 -945.38858 680.58254
176 -986.95391 -223.59630
177 -795.28407 -992.95428
178 -446.63703 803.74105
179 -822.67332 286.14751
180 -175.83101 -262.16799
181 952.07482 -74.63721
182 717.06925 -393.89909
183 529.39701 -958.71657
184 -598.86631 328.98608
185 -40.30680 -461.38668
186 -780.93261 -611.48020
187 -515.66784 -733.70196
188 -851.61513 -766.50211
189 687.49348 -949.34430
190 -530.25993 753.33089
191 684.78487 735.45222
192 942.76531 263.99772
193 64.02792 751.44341
194 10.47664 623.34938
195 -454.44095 -807.01650
196 336.50581 -670.65940
197 143.84435 -103.12084
198 -674.87769 -246.40686
199 989.16134 598.74401
200 -817.78829 24.02443
201 -92.44758 -115.31021
202 -453.91962 -505.89792
203 359.20962 -638.73488
204 750.15901 -777.38646
205 399.90194 -765.86612
206 -624.61937 436.66850
207 957.01008 -683.93868
208 908.21283 -438.02096
209 -98.81286 -622.64498
210 41.02556 78.29120
211 -853.38404 706.98600
212 -565.31983 194.16969
213 327.28791 770.19296
214 608.92801 -865.83439
215 473.68012 928.45120
216 34.40993 -307.27533
217 553.66191 -669.73459
218 -529.24841 633.02263
219 743.41419 -713.67561
220 128.45223 -504.75860
221 858.59865 -289.86719
222 -672.03268 427.62862
223 502.96637 535.31444
224 -12.40983 765.01084
225 -818.95053 413.35851
226 -507.56171 253.25899
227 -126.46875 450.65928
228 -719.94408 54.53261
229 388.34489 261.27718
230 -176.15467 966.95785
231 -822.49723 -808.07212
232 -396.25620 -346.27780
233 249.11191 218.28342
234 -875.73410 100.39645
235 -694.01561 716.74883
236 73.23331 -994.37629
237 306.70450 -916.54639
238 -689.78101 359.14253
239 271.96771 -997.72149
240 -468.06626 72.43928
241 348.45902 56.31323
242 -817.51198 201.15362
243 894.49279 332.22080
244 -540.33631 34.68881
245 -333.91275 -315.43792
246 114.03476 127.30619
247 -940.89774 -592.78911
248 145.97766 -793.68788
249 802.51981 -798.42983
250 476.31669 816.77346
251 499.90200 -463.62383
252 -800.44810 548.52549
253 -19.48777 761.45648
254 124.31991 -259.93537
255 548.54064 -332.11385
256 -36.05724 -334.75361
257 908.32601 -420.43675
258 760.62045 -617.46271
259 -204.57932 -483.69563
260 -89.97085 662.89716
261 -842.20217 -513.86163
262 498.78661 711.19640
263 -891.54665 544.55428
264 -424.54729 -242.59810
265 810.10831 -98.96175
266 -553.56575 17.59155
267 -45.32998 -941.68801
268 -878.63341 -988.81232
269 -435.43581 737.26348
270 -371.75171 -230.37439
271 470.00267 170.63849
272 76.80745 -916.99647
273 -994.29493 241.14041
274 -930.71770 605.08688
275 222.54546 -105.33683
276 341.00099 373.36889
277 -775.95178 -723.03963
278 358.84889 99.71736
279 -885.38928 -877.86780
280 -986.08473 448.46492
281 -514.21654 63.88955
282 515.31349 442.62980
283 368.89098 -254.36703
284 125.37318 125.28021
285 -853.26918 -127.03807
286 -527.89589 -348.11434
287 44.04016 -317.69150
288 833.03727 -899.17564
289 -494.12676 691.96756
290 -994.75101 -536.95315
291 24.98607 56.87302
292 159.57899 508.22094
293 -206.22291 366.04910
294 422.75561 -476.48625
295 -66.71293 301.74219
296 839.34486 282.49339
297 991.21289 -778.18141
298 -163.85748 25.46141
299 -97.15514 -567.91014
300 -655.16742 -281.14483
301 -326.71142 682.80733
302 334.43741 -589.81272
303 666.28663 253.64415
304 -336.71104 106.31787
305 574.40825 884.06153
306 880.95315 276.68258
307 -102.67186 -238.96456
308 893.74236 819.42883
309 -930.63170 793.69543
310 253.15490 -872.76059
311 254.43116 -515.49169
312 -765.21756 750.95143
313 -734.09615 849.21533
314 845.93044 82.90706
315 -928.93263 42.81059
316 -566.60077 -531.70016
317 -96.00191 616.42673
318 -341.42366 -798.39110
319 137.90074 660.07133
320 -734.80543 976.54161
321 757.26648 478.73643
322 285.81241 531.73327
323 522.20192 904.48067
324 -883.72231 -529.22001
325 731.72879 864.66316
326 233.13700 -465.98961
327 -130.19384 406.58422
328 -762.84170 960.72835
329 -642.71859 -978.63130
330 376.83563 4.48791
331 134.92800 815.00368
332 -261.05100 -849.71000
333 -132.81766 -157.97850
334 -111.04456 -868.58246
335 183.14457 747.39713
336 902.18979 454.95493
337 560.86117 -245.19353
338 447.55792 -181.13473
339 212.86066 994.47106
340 -131.39286 -460.17328
341 -354.63299 -818.60776
342 52.56258 -90.14189
343 -559.43246 -265.14377
344 286.12042 -738.90833
345 -749.23343 -427.33070
346 -732.50625 441.87874
347 995.20816 18.66096
348 -22.59269 -606.25713
349 814.80471 -470.42915
350 -792.55663 -432.47784
351 466.96157 277.51305
352 202.34181 -971.62822
353 532.14055 -983.21045
354 -906.43801 -726.87491
355 -944.24141 -881.09613
356 584.61660 19.83946
357 63.47091 -822.79823
358 -305.60935 528.18233
359 764.84127 162.64657
360 272.86249 -629.35979
361 199.85429 -245.18722
362 -525.65397 998.36108
363 -415.32067 -822.73905
364 406.57744 931.77038
365 -322.45280 634.03464
366 769.67157 -45.07319
367 -887.44518 274.09776
368 -542.82223 -696.08577
369 -161.33404 503.10996
370 -187.83333 -486.60741
371 -446.87110 417.01463
372 -485.51639 -678.24018
373 332.98605 149.49320
374 921.00685 -165.79538
375 -454.69791 5.41641
376 88.95189 -995.74263
377 -443.80821 395.00290
378 -317.03274 418.27631
379 760.68118 -211.52801
380 499.96848 353.63214
381 19.88845 -821.44332
382 441.36200 130.18366
383 -281.03489 868.32070
384 420.51260 885.96523
385 -651.31010 794.30170
386 -85.98843 -918.16601
387 -234.43780 -949.91975
388 648.50587 -723.84615
389 99.69371 792.95347
390 -739.44849 9.42106
391 656.75132 -703.53093
392 675.15820 -999.93590
393 99.65647 554.15478
394 -580.60599 -723.52113
395 -302.30038 544.85524
396 120.62354 356.68868
397 -504.81803 37.66777
398 -965.34462 135.84616
399 878.64902 -355.45514
400 -392.72265 -246.87800
401 -788.76568 -278.78839
402 793.36223 -616.64491
403 954.58436 -327.87801
404 -859.07103 -364.83514
405 13.28907 -767.24190
406 493.24790 -963.94424
407 -86.30463 382.65306
408 570.28096 946.37212
409 -131.56577 685.09772
410 -338.54740 -832.21078
411 -220.05494 -945.43208
412 -805.05217 498.35466
413 -199.26584 -779.51110
414 -955.56067 534.92216
415 195.05715 486.03002
416 92.34708 135.14901
417 936.16856 -226.79760
418 789.43789 125.05448
419 -274.76522 -599.39132
420 -766.22527 -925.53309
421 -67.54062 -442.22578
422 -362.27005 -738.48640
423 337.92359 -979.93475
424 -40.02212 -691.36303
425 489.09749 290.77865
426 -49.91260 396.44722
427 993.93046 62.06631
428 -113.46322 448.05169
429 -867.11749 653.93429
430 -115.32353 -774.67292
431 800.21210 920.63597
432 -190.63071 889.93118
433 -25.71239 6.35589
434 547.74000 -744.32357
435 668.64450 287.15990
436 680.66932 695.21762
437 -370.03810 853.76402
438 437.37098 462.83375
439 926.08638 -30.24604
440 -774.40688 56.41123
441 6.68324 82.46505
442 0.68898 165.56499
443 821.04935 168.80899
444 -729.99570 -260.83827
445 -857.92627 -534.08541
446 -375.26742 754.33693
447 372.28679 -33.47464
448 349.59174 380.42701
449 797.39013 451.67609
450 881.38016 -594.93579
451 -495.38580 288.24906
452 -329.32871 26.01161
453 -2.29778 736.58739
454 -653.38869 -588.85750
455 -82.72644 -906.57780
456 -7.01481 -209.70247
457 214.77141 637.94818
458 -185.57807 -733.41980
459 -369.84582 -946.04004
460 504.81070 20.98021
461 387.94183 -231.45999
462 -774.29532 133.04162
463 653.18233 477.86718
464 260.69085 -148.37840
465 478.35664 -976.70778
466 -867.59182 823.61317
467 724.19245 735.90647
468 252.09979 -475.16671
469 751.81229 -614.59451
470 17.28670 -63.89356
471 560.59227 -50.86944
472 681.35538 -631.09825
473 485.56268 -440.25390
474 289.55340 -731.29088
475 570.13429 -804.90838
476 509.09094 -189.33105
477 294.38620 941.32337
478 -723.25076 -849.20224
479 -533.89356 -9.46038
480 845.59958 -692.52009
481 771.22767 926.66206
482 33.14041 821.72383
483 -267.74604 308.42250
484 256.36264 -418.98980
485 637.72862 75.88363
486 284.95627 -509.61432
487 -617.25480 887.00062
488 552.07542 35.78613
489 99.95694 -866.69300
490 332.78086 208.39976
491 -37.50594 88.88816
492 133.48271 -254.79051
493 -395.35014 414.38316
494 -768.58988 -810.31773
495 -766.84867 67.83331
496 461.33574 -112.10029
497 691.28187 566.77489
498 -932.51236 -290.74502
499 -509.92265 -498.94925
500 -278.21560 17.16616
501 135.27026 213.39444
502 -344.76925 214.08702
503 955.60862 644.91789
504 257.51615 46.42250
505 -922.36896 485.21205
506 470.56047 778.78503
507 193.93102 971.84841
508 834.95459 333.35613
509 -663.60247 951.64696
510 -856.05304 538.94496
511 -7.12808 146.15444
512 -682.16999 745.66499
513 -404.88598 -43.64540
514 332.28340 -765.02307
515 -342.07641 -403.28884
516 -182.56530 91.17422
517 663.71701 866.22107
518 -709.89941 499.21681
519 -836.18933 444.23499
520 889.87523 -204.85491
521 -492.88271 241.37871
522 960.43514 -980.86413
523 -891.08592 40.98909
524 -149.36587 207.58902
525 236.79377 434.05430
526 -94.33697 209.46207
527 917.86401 -119.27217
528 776.75411 423.39881
529 760.71326 -375.93700
530 898.61192 -473.97553
531 237.61399 136.69306
532 266.95614 998.10995
533 286.88769 798.76019
534 494.26409 -945.86568
535 972.30927 585.47469
536 -469.99461 -557.89593
537 -624.11871 -314.73616
538 402.36259 -495.68567
539 -97.73850 174.54798
540 -128.36392 876.06732
541 737.58097 142.75979
542 -18.76641 248.18921
543 332.34227 -8.69993
544 -849.65110 730.51652
545 -532.45864 22.70277
546 -326.86354 527.35016
547 -284.89165 891.35842
548 -727.60750 872.20445
549 -81.78207 -995.27478
550 -298.54464 -531.99518
551 693.97047 -455.96677
552 -703.75736 -959.78169
553 900.40027 416.06673
554 850.04355 -965.77336
555 -488.28088 -847.31306
556 -783.10965 -25.41756
557 -589.84233 -457.66363
558 645.03381 552.61458
559 229.71859 -392.15726
560 0.25249 -879.82111
561 -423.38954 -562.57937
562 759.42726 -58.82267
563 -296.91691 330.84484
564 -61.98309 288.79755
565 25.83870 -259.65062
566 -39.22723 -724.74733
567 757.14646 -434.11674
568 -106.76567 -837.87124
569 -643.75897 506.93232
570 -577.75019 823.27647
571 -489.46155 378.19517
572 506.97021 -981.48909
573 -79.34342 -436.02165
574 -282.53286 185.21194
575 -709.82010 116.25533
576 936.32853 -433.75470
577 610.56157 393.91048
578 -680.71024 -333.54684
579 83.50930 595.76874
580 -805.84010 266.29089
581 -162.34601 57.58891
582 923.00677 -479.98565
583 973.25357 763.27706
584 660.76723 27.15148
585 408.13825 -836.84562
586 414.15242 -810.18202
587 -499.94519 97.19214
588 -162.07944 -345.23224
589 485.02280 388.70467
590 -198.70686 -812.10611
591 398.26659 -495.93132
592 915.49402 -59.77324
593 -666.25746 566.61664
594 -65.90737 738.30210
595 650.23110 967.92855
596 -778.96239 768.10107
597 -953.58067 -162.67394
598 -673.03182 820.59184
599 304.35066 -289.55040
600 122.59580 -871.76929
601 -59.92758 -119.62165
602 -91.35014 745.60899
603 -997.73454 -880.16908
604 455.08573 413.75946
605 -175.90830 -269.43822
606 -982.04413 896.46491
607 660.45047 -793.85225
608 40.54769 -111.76097
609 -167.71387 186.93665
610 -533.90395 767.47860
611 -748.45657 -158.99227
612 -627.42022 -295.38717
613 14.81975 322.57241
614 -14.18377 -66.09456
615 -869.28297 539.32172
616 35.27005 -641.10789
617 385.34819 102.80486
618 887.69592 85.26400
619 -147.59229 -958.99883
620 926.93799 -38.66281
621 -381.33256 -380.17305
622 243.91185 755.07451
623 -77.28707 -549.60496
624 -141.00192 -792.04410
625 94.18827 -48.57514
626 419.77968 -120.17947
627 432.77038 -808.72206
628 600.25803 435.13198
629 480.54786 -848.32827
630 -726.61319 819.94714
631 18.43069 535.20326
632 -63.03602 -359.80422
633 -443.32777 -618.60752
634 843.62814 -24.29254
635 -908.46301 961.03236
636 -181.09465 850.74985
637 -535.39931 -313.78859
638 846.95820 -369.32960
639 -211.87691 -896.54654
640 161.89159 725.56215
641 -910.61401 -570.00494
642 803.17080 -844.29787
643 578.84338 -451.69785
644 376.91388 -230.16122
645 761.38202 -108.49669
646 -889.47965 206.23364
647 986.94639 232.49612
648 196.30350 47.68942
649 -23.76840 32.06124
650 -109.50422 45.62671
651 359.10508 706.39672
652 867.19979 -225.40278
653 327.86702 942.06335
654 922.56093 -372.54848
655 -865.58417 16.40968
656 282.64066 -327.29329
657 349.83586 -25.87604
658 489.17267 -430.51274
659 -443.12094 -534.36222
660 120.58696 471.74093
661 -539.73549 70.68511
662 -548.60973 -347.74061
663 -723.32627 10.39748
664 -438.80541 -561.63850
665 705.77173 293.89532
666 -624.61213 -25.07466
667 -214.46185 550.41263
668 652.64557 316.78315
669 499.64488 65.57110
670 30.18279 401.32124
671 131.57004 -129.50281
672 895.85187 -436.54421
673 49.59178 125.05424
674 76.89228 -571.01759
675 858.75772 -508.46016
676 -881.65698 258.62663
677 -329.62041 -287.22333
678 -730.16910 113.94999
679 -383.44459 -811.39718
680 -792.34855 -422.40563
681 -323.32543 -12.65348
682 989.76150 -815.82384
683 384.81501 -566.05248
684 774.50709 204.46859
685 51.39392 183.96632
686 429.61164 -25.65953
687 759.38674 -477.20075
688 316.15411 571.24613
689 -415.11674 -478.00246
690 252.96871 314.88996
691 243.70111 639.66402
692 950.10210 -694.98216
693 -319.76837 369.48247
694 45.66560 -991.88506
695 991.64524 -376.99083
696 -711.37534 -233.88266
697 520.03677 672.43720
698 380.76985 -975.92574
699 947.04506 -313.87887
700 524.31709 -939.97526
701 -210.06719 156.72699
702 817.28846 49.18082
703 -174.93295 851.95235
704 -702.97339 405.83792
705 654.19355 -689.66229
706 -347.09874 -479.73889
707 880.85083 -640.23016
708 412.46679 244.12338
709 178.72333 653.85490
710 -248.96506 -223.09890
711 -89.31373 -198.58199
712 -17.17076 -33.04021
713 -103.25224 306.96352
714 -737.40976 -535.10964
715 -568.95344 245.00852
716 59.70490 652.98629
717 712.51767 358.78070
718 562.63542 -176.42247
719 480.79052 -896.15101
720 329.62719 -309.73194
721 838.33782 -950.16603
722 -777.62251 989.94926
723 991.84632 -991.57628
724 942.55010 669.79192
725 -39.76637 273.49737
726 -663.27518 -47.75436
727 173.68899 -560.76126
728 -956.42721 432.40438
729 -672.43215 404.69845
730 27.75252 285.92377
731 856.92458 378.34331
732 78.22437 -347.99572
733 -38.08003 963.70765
734 444.38419 304.78293
735 241.29308 -262.65902
736 -558.37964 -162.19681
737 -319.45889 122.82391
738 -921.39862 760.06293
739 -6.59705 -180.29778
740 541.80383 138.46532
741 129.69615 563.76771
742 -281.50539 -279.67089
743 -860.49060 575.19148
744 -152.41635 -169.05988
745 -476.79361 -306.40501
746 858.46692 764.95547
747 -301.35061 -95.77927
748 -8.81780 876.79957
749 -718.49519 726.94377
750 -113.09616 -875.98079
751 -498.55466 -230.05737
752 496.00530 -571.10701
753 -733.48343 -357.57336
754 -128.37856 897.41892
755 -860.10976 -624.10489
756 199.84656 -328.86841
757 807.67697 -479.01916
758 -736.59479 986.02877
759 493.42710 -832.98961
760 -56.16103 -125.78449
761 -785.60007 273.98926
762 -662.04778 -132.29862
763 776.63438 -88.19919
764 597.46585 -949.88434
765 -29.69099 268.98399
766 696.52920 -149.06810
767 553.83050 -376.46627
768 -10.05590 -911.87690
769 -695.45635 860.74606
770 645.65890 -61.00445
771 665.91001 -421.79164
772 818.29175 -244.72193
773 335.45305 -664.38768
774 -223.85271 937.37158
775 -485.27643 -812.85331
776 102.39290 443.99161
777 481.99026 276.80354
778 561.76406 937.26543
779 650.31416 -17.98861
780 -742.62808 -950.32805
781 338.11909 -141.41481
782 -702.11125 -191.95738
783 -893.67738 -529.93726
784 353.58999 861.16830
785 705.54610 77.07378
786 -799.56427 -168.61436
787 -571.12564 117.46749
788 634.57602 846.84456
789 980.09017 425.50119
790 985.36931 109.98725
791 844.26005 -781.52815
792 -136.79536 -780.90465
793 587.00261 -978.25036
794 -250.87722 883.59271
795 -489.27709 -91.74865
796 -433.56602 660.11697
797 -339.45037 -304.03062
798 -529.76709 385.20261
799 299.66485 77.24990
800 -251.08473 91.74580
801 -336.82992 46.09234
802 952.50276 -629.75031
803 -948.41610 444.82056
804 -854.21296 372.17646
805 -860.47887 -30.94673
806 -469.99437 951.56155
807 752.05586 -450.01931
808 -415.03335 -197.62768
809 300.72373 675.53166
810 -645.75810 -127.07757
811 -426.92774 -82.90626
812 -470.74903 -175.01877
813 634.12116 696.02694
814 -416.23787 -145.95457
815 -774.95274 154.29039
816 368.53950 -201.43193
817 233.86248 -113.92156
818 296.56804 139.76903
819 564.80588 242.44135
820 -467.50806 229.97781
821 47.62386 938.44415
822 445.60472 886.28938
823 -95.13348 -227.50550
824 993.93267 347.64030
825 734.78006 410.04953
826 677.65588 -482.75870
827 -30.67041 -611.01116
828 233.31511 398.63063
829 331.33855 -228.48047
830 335.95496 682.44042
831 -58.31482 197.55739
832 -765.44231 -447.70372
833 -583.05118 -512.89419
834 466.82468 952.09897
835 -450.14777 394.23241
836 -417.43483 793.26451
837 979.29956 -367.17756
838 -849.34267 -120.67228
839 633.76171 874.36422
840 232.74599 686.64204
841 671.21580 -939.39822
842 -22.45155 -436.26350
843 140.79596 78.96729
844 -977.15988 398.21939
845 -344.23117 -383.71660
846 987.89618 -651.05435
847 994.39726 836.30534
848 -502.63159 852.49315
849 734.71147 419.24860
850 -101.72101 786.82190
851 -218.84212 456.52828
852 -884.98318 -588.68249
853 955.55076 -288.48715
854 -67.07558 501.24906
855 701.70362 -162.82658
856 -590.73255 -44.00145
857 392.57099 284.08884
858 -918.91921 -915.75124
859 -269.31554 -162.65673
860 -827.41054 755.64332
861 -702.88041 988.43249
862 100.60509 657.26120
863 -568.81628 -321.62719
864 234.50181 -995.42373
865 312.46784 -659.21568
866 -911.92109 230.40021
867 -631.14147 628.79860
868 -96.17945 -588.36432
869 948.55951 727.21921
870 935.76539 492.49421
871 -428.87517 731.44159
872 645.40355 724.16224
873 11.95986 217.21612
874 495.71939 164.72568
875 976.69827 830.41755
876 61.70422 569.49276
877 186.31695 -506.43861
878 771.36334 550.68202
879 -679.19584 655.88595
880 749.44777 -503.22884
881 -541.35165 -93.60287
882 -43.15823 -584.37014
883 -598.63079 224.35107
884 101.74197 -398.11082
885 586.76559 -840.77222
886 -355.53362 -172.17432
887 -828.49330 312.32723
888 625.93468 -381.63002
889 303.14871 -365.30282
890 -979.43551 94.67471
891 -396.39140 261.18078
892 -152.46865 857.00593
893 450.58367 867.94872
894 370.04333 -573.44866
895 770.35606 -129.03867
896 -629.51579 877.06424
897 -255.12533 -824.61926
898 -290.01741 461.09312
899 -912.03795 641.03484
900 -835.83347 271.87252
901 -640.05566 -53.38976
902 872.56802 280.78063
903 -833.04271 115.33083
904 -352.65678 451.59626
905 30.63413 607.45684
906 -142.32200 56.61616
907 215.83306 -409.98370
908 639.45186 806.02186
909 868.51745 761.76006
910 775.43614 -49.28641
911 -557.14734 -58.59076
912 749.50507 130.15636
913 586.03789 519.84177
914 -800.95775 410.61179
915 -598.65538 831.94354
916 -727.07226 -304.54243
917 324.28514 521.42683
918 -751.80608 -511.87592
919 723.78956 -948.00181
920 -833.35837 -150.49370
921 -220.27893 -339.16579
922 -776.58831 315.53667
923 190.01366 255.40362
924 172.70891 526.93365
925 825.16880 -977.74885
926 -888.42014 -628.03231
927 574.80114 846.43675
928 -339.15173 554.41544
929 -679.62351 -967.09728
930 -216.98455 672.70039
931 -779.76211 -723.88182
932 -739.86464 -867.45315
933 307.46932 -658.07042
934 200.37856 -485.69792
935 778.09945 505.62348
936 -149.79945 -622.59081
937 286.60113 -567.21404
938 -540.26461 -91.65799
939 67.59502 -105.37868
940 -17.76416 304.64150
941 767.11937 476.97097
942 984.08742 336.52004
943 -506.21916 -727.64915
944 -699.87580 138.82996
945 -210.44540 -563.09484
946 689.67902 960.01929
947 -28.04541 449.25065
948 -967.99655 331.02663
949 613.74836 925.76530
950 -554.60451 -84.10529
951 803.34413 -73.04771
952 122.57701 167.21092
953 -731.56948 832.08936
954 645.56485 833.31036
955 447.40236 -935.54972
956 76.48433 350.50591
957 -842.44005 216.96494
958 216.47506 202.43769
959 636.02120 458.26156
960 83.04354 439.96183
961 -581.25997 491.61284
962 876.91992 -271.17224
963 774.97704 -205.61340
964 492.67839 -471.28014
965 229.02196 -616.82126
966 973.08553 -693.93073
967 77.91996 929.88484
968 -784.65760 44.36776
969 753.40818 -303.45459
970 708.09020 739.54533
971 -621.78031 461.87664
972 111.25266 -945.69925
973 -68.63128 -620.02198
974 -913.50987 854.10151
975 -936.01990 541.78505
976 944.24555 -41.10021
977 796.68245 -97.58520
978 -605.93664 -881.56286
979 81.53551 -807.37137
980 968.06724 -44.66040
981 -474.08383 450.21578
982 -466.81524 -580.96658
983 -547.25917 -112.82096
984 715.91082 -845.16099
985 910.85402 -48.81800
986 34.10393 116.42928
987 251.36804 644.79522
988 -936.48635 -263.83364
989 450.18925 -566.34222
990 -937.56047 -983.34082
991 483.92177 -595.25317
992 -863.87384 18.21221
993 -244.20851 -271.47146
994 243.20113 390.66400
995 -179.81378 933.83937
996 -870.33431 834.44190
997 468.86167 21.92652
998 -378.34730 -325.51170
999 -381.18407 -973.84626
1000 616.36705 92.04054
