1 314666 971335
2 330894 393975
3 603280 311469
4 341844 503719
5 699959 692792
6 709348 899862
7 672706 315499
8 729485 975097
9 680197 518027
10 415750 301303
11 558932 5985
12 960705 676013
13 518546 27816
14 187106 696920
15 120396 314962
16 142938 205496
17 118770 112670
18 485718 306471
19 509446 586588
20 701537 616966
21 484797 573627
22 547122 238058
23 152971 24231
24 910386 851289
25 234398 441599
26 73419 87080
27 761583 920342
28 167771 26922
29 465662 211636
30 956387 56148
31 235625 819575
32 972249 287961
33 874483 423709
34 132401 195605
35 846989 246473
36 784326 77773
37 112812 376464
38 554814 16449
39 569474 238889
40 39050 532218
41 990004 196270
42 466120 322351
43 328396 18462
44 473612 21155
45 467850 695443
46 234443 460008
47 917105 744271
48 553918 633985
49 791194 569335
50 742901 731633
51 356257 557255
52 494070 123333
53 116181 63500
54 759584 957426
55 931798 843505
56 916622 156322
57 125064 873257
58 529279 977903
59 393890 907597
60 714830 710081
61 405927 292633
62 315221 385366
63 620459 771286
64 541427 739543
65 127592 472554
66 11695 683911
67 886122 457076
68 330406 193361
69 653426 569052
70 887728 61529
71 682942 226768
72 660527 485744
73 515473 307761
74 579752 146258
75 64390 121250
76 199724 887094
77 308059 356833
78 289441 914054
79 787927 318582
80 970028 609733
81 634382 232509
82 789261 245531
83 461439 123579
84 225592 753246
85 854408 437695
86 199444 97790
87 268374 618913
88 210027 636929
89 48500 388624
90 765892 563249
91 822940 318145
92 643655 147466
93 826176 665425
94 714557 502204
95 341965 487291
96 341473 392580
97 161461 285943
98 687821 514126
99 301687 696001
100 775243 85467
101 801282 40006
102 447239 676943
103 697667 716386
104 430793 930118
105 755235 78392
106 134886 449021
107 329320 495600
108 776244 688757
109 10701 372412
110 685544 94907
111 180294 466508
112 708504 351658
113 348565 503195
114 215780 488050
115 62239 142746
116 263013 542309
117 505888 890265
118 405726 854224
119 420039 399982
120 725627 309800
121 540557 822562
122 351939 335138
123 394100 960580
124 314475 822461
125 96615 999235
126 731445 738236
127 23056 607482
128 457457 976194
129 313008 644297
130 682493 646933
131 758013 42075
132 822404 841530
133 367163 828937
134 739623 357073
135 550354 358857
136 455068 346379
137 831685 25612
138 874796 118135
139 29943 136219
140 249848 182280
141 622098 363839
142 423939 966357
143 292161 204224
144 623868 107094
145 678226 85701
146 629066 931827
147 591128 340157
148 85216 52758
149 79817 91360
150 227684 487043
151 658138 177240
152 432391 688152
153 154010 648597
154 4954 781838
155 145702 611190
156 21783 521965
157 914648 728169
158 915744 669554
159 576559 495463
160 20594 956883
161 983207 462469
162 922071 206932
163 24828 675656
164 900239 377132
165 750966 528995
166 639703 747845
167 506720 635014
168 842410 622115
169 883295 186878
170 50951 269552
171 741298 215442
172 439213 823266
173 642839 107521
174 682065 863925
175 478016 660309
176 806645 454449
177 780306 599938
178 864641 899970
179 101844 88747
180 720574 874280
181 760979 788968
182 349947 157630
183 332110 416391
184 395754 607478
185 967202 752853
186 178288 872006
187 392888 191783
188 589808 89198
189 187210 98543
190 494168 499310
191 748230 174100
192 232591 898004
193 531286 452844
194 712304 217621
195 386572 966828
196 527968 169557
197 456145 636342
198 768429 649852
199 87119 15387
200 487502 304240
201 357438 671937
202 752892 241700
203 136945 168550
204 193619 340207
205 650375 919732
206 184101 374235
207 879159 35702
208 439431 742913
209 872595 576732
210 640001 345102
211 999297 578519
212 928316 728061
213 686850 312853
214 595261 699217
215 175215 1717
216 760395 549556
217 521483 785747
218 319838 883868
219 381159 296523
220 705791 92315
221 679864 33990
222 753937 851909
223 177186 771280
224 125592 942998
225 38670 703472
226 250119 541070
227 351561 886942
228 96003 476800
229 352130 679685
230 96153 96248
231 1439 469672
232 375455 514067
233 645555 700910
234 322268 611049
235 265742 934779
236 227585 412244
237 957240 503114
238 203894 916112
239 793262 778283
240 985466 354746
241 676783 403811
242 832375 916054
243 684693 539650
244 946125 50911
245 926592 761555
246 404314 886855
247 144553 310849
248 359685 774654
249 3650 345145
250 861345 389592
251 901872 380634
252 514400 655847
253 283443 424788
254 885143 286856
255 800642 689050
256 175195 962202
257 13463 884339
258 300271 448268
259 146990 387815
260 967451 203802
261 554501 838692
262 702044 224601
263 182075 145768
264 66894 605603
265 808410 63129
266 483344 225856
267 546069 943403
268 406399 184887
269 994897 982498
270 153278 953704
271 933720 543127
272 566194 491987
273 928012 957329
274 614528 922415
275 429707 390192
276 611280 779966
277 260633 393448
278 696348 160358
279 156293 149336
280 693570 464885
281 742058 101582
282 237981 310921
283 578657 886835
284 537512 942649
285 4503 999181
286 753851 339241
287 37184 535727
288 764901 54681
289 908719 680039
290 829876 258459
291 371250 475118
292 864430 531244
293 23891 353211
294 946415 368750
295 929676 829477
296 365167 388072
297 684693 70389
298 143319 307004
299 191782 542377
300 528119 937471
301 489426 363330
302 731527 461803
303 196390 31615
304 101691 755081
305 100049 747067
306 380636 379921
307 226371 308387
308 283721 186232
309 567432 330067
310 204748 12646
311 156618 917958
312 10916 441159
313 172422 800109
314 291358 566541
315 373301 45799
316 542783 794284
317 102541 934588
318 908351 359179
319 189597 13402
320 817390 698334
321 130505 185562
322 117504 656396
323 209221 698957
324 349176 324764
325 90961 772280
326 167455 129213
327 727218 414959
328 839946 156992
329 189486 635837
330 375332 941487
331 512560 931919
332 808497 781914
333 234858 238053
334 635174 237978
335 511833 258736
336 274246 982698
337 899608 710245
338 774331 645306
339 997069 959314
340 186001 492640
341 972827 866135
342 646782 242616
343 661420 864956
344 553780 580719
345 725575 845599
346 475835 23896
347 471316 767697
348 268652 136087
349 311941 553592
350 126511 307802
351 288190 195014
352 822343 75720
353 70682 295272
354 647914 286944
355 648394 197438
356 583759 177787
357 904483 999321
358 577834 535861
359 411624 903184
360 997916 233122
361 737730 415928
362 780031 564429
363 682122 221352
364 559978 704767
365 473705 235566
366 829020 526751
367 970389 892487
368 669182 398249
369 417726 64370
370 166311 147757
371 2472 534928
372 880183 966795
373 775825 991346
374 768166 829244
375 949220 943210
376 761421 834959
377 955354 879587
378 780173 991890
379 609761 417227
380 530065 387757
381 700198 153461
382 623967 882239
383 465603 619519
384 141952 916820
385 940647 904542
386 716491 822708
387 269868 884761
388 722327 224058
389 977048 708216
390 627722 561731
391 130081 384806
392 662751 774767
393 561571 453401
394 458461 740656
395 587465 309986
396 859924 356607
397 64505 532438
398 879991 484581
399 273827 403862
400 277410 611012
401 318634 509437
402 986542 499044
403 479282 86874
404 930867 83610
405 994600 982088
406 692636 659457
407 914906 462795
408 166178 81948
409 384144 932153
410 19908 166271
411 929950 216343
412 901260 19191
413 575206 487266
414 354120 468781
415 733624 572671
416 366654 442672
417 723987 634686
418 141129 459796
419 208271 147221
420 634710 823061
421 29229 728290
422 132317 318761
423 16918 378165
424 644771 966818
425 426425 279744
426 859720 980285
427 361733 522305
428 10764 65324
429 415101 963749
430 80476 867924
431 559239 686849
432 771563 539757
433 270440 82221
434 406689 392886
435 972 88059
436 674969 241065
437 685057 176194
438 467796 28172
439 192320 237892
440 602111 838704
441 875640 27796
442 399788 526873
443 671410 109012
444 992913 215785
445 623999 522705
446 654425 250442
447 989979 891610
448 497730 2799
449 708531 712655
450 650564 247674
451 96317 270195
452 334857 774454
453 450214 971396
454 329814 941643
455 267639 754595
456 411553 657432
457 93085 906765
458 149749 590266
459 82656 161802
460 636565 889811
461 75241 654142
462 123254 449814
463 494864 541433
464 621457 134079
465 493761 908550
466 586419 381412
467 358861 29669
468 699334 394284
469 522302 899425
470 816036 942934
471 832281 735963
472 336780 103708
473 853679 293594
474 921638 467955
475 220825 362928
476 137830 81382
477 224657 749327
478 419548 895291
479 888907 990931
480 196013 159800
481 41572 911375
482 123449 878150
483 43283 381925
484 871318 451128
485 342983 214492
486 407830 773170
487 557348 852704
488 362992 576939
489 98002 577919
490 380795 185312
491 182915 936055
492 566793 350457
493 381516 771553
494 196487 847090
495 412484 118125
496 256513 838092
497 167356 419686
498 122467 526665
499 904803 304965
500 470019 374165
501 432392 967406
502 238598 966070
503 374579 2041
504 804944 267364
505 193702 402101
506 977959 798398
507 437693 616392
508 859814 469132
509 932816 718184
510 416659 331081
511 658212 36940
512 665756 759535
513 821957 672613
514 107496 829247
515 822008 75392
516 235602 985646
517 283254 104822
518 190868 291937
519 607315 392314
520 880122 847447
521 848461 210172
522 944136 912280
523 460381 8846
524 962716 614011
525 997657 403992
526 616608 798928
527 98153 754788
528 155049 458725
529 757802 155481
530 467332 733445
531 904605 702340
532 926679 842724
533 909782 198133
534 777930 744349
535 206488 881828
536 110433 913594
537 667568 531958
538 212192 406378
539 665746 836480
540 667108 848757
541 889508 957349
542 221953 182906
543 805127 287691
544 307980 760022
545 852634 41281
546 95533 461784
547 289392 501731
548 765593 108587
549 421350 953307
550 83365 290625
551 466837 980553
552 805586 549634
553 512429 589238
554 869629 336179
555 415556 182375
556 116757 452146
557 23763 447571
558 753654 270938
559 544620 690903
560 699252 623891
561 999546 31594
562 205086 594538
563 656379 274290
564 275846 582453
565 391305 588836
566 636064 498861
567 417040 116722
568 768185 817265
569 489985 506570
570 628830 440029
571 488370 597207
572 401276 893398
573 649403 790362
574 157505 208962
575 366602 527888
576 606373 661112
577 733104 761172
578 124786 669801
579 352142 185390
580 186591 285650
581 567413 125019
582 389057 164668
583 564159 297227
584 647226 238369
585 417394 952711
586 907437 541319
587 551270 205944
588 583828 802243
589 50561 37567
590 368530 978545
591 13370 176241
592 742215 233014
593 622010 929841
594 545084 45842
595 737608 853587
596 762906 818070
597 458932 669707
598 61058 813815
599 976104 379160
600 604668 166902
601 124380 4507
602 451209 718932
603 976171 573632
604 168452 353681
605 385941 635357
606 111521 248847
607 643126 770024
608 105905 644166
609 435356 458038
610 983444 325006
611 240949 260148
612 5085 6691
613 962140 437318
614 935341 644022
615 364291 646152
616 888339 934262
617 884185 397817
618 12623 852818
619 46282 215900
620 474382 242554
621 982574 38413
622 823331 642019
623 834068 537177
624 84378 815827
625 111538 579725
626 511142 567693
627 712827 993662
628 917977 313352
629 489024 166906
630 253966 352860
631 95114 15304
632 92655 221159
633 344419 501078
634 127770 741357
635 450736 64265
636 300529 593797
637 496025 173894
638 307503 635886
639 568582 311225
640 921673 933665
641 833494 8659
642 107012 762062
643 494382 214108
644 290725 837270
645 516280 819776
646 451567 102190
647 667655 120123
648 471672 718178
649 596719 639163
650 757294 574535
651 782166 179285
652 475984 607100
653 83130 746536
654 79983 516350
655 148766 717173
656 158384 231601
657 704588 150507
658 504808 29907
659 242588 857437
660 897649 737009
661 455750 108955
662 335742 66276
663 303389 937179
664 774944 422627
665 621057 389296
666 917560 476879
667 407675 431737
668 53053 218251
669 16438 39145
670 400931 336329
671 351788 80593
672 912045 626364
673 751935 711099
674 435967 952036
675 388877 475638
676 130443 992728
677 337450 829208
678 194833 516689
679 799659 820582
680 493823 434202
681 641067 638940
682 781980 437855
683 689695 275889
684 260715 960380
685 423277 237261
686 994397 744234
687 664522 85945
688 483739 340365
689 746983 882037
690 527901 198976
691 944567 615817
692 601583 178349
693 372901 127933
694 223885 285329
695 707804 906246
696 396720 558779
697 75132 722743
698 644181 406435
699 781377 791568
700 810406 571246
701 17738 649098
702 589866 402262
703 578704 189411
704 657490 465500
705 383634 397653
706 499104 248609
707 373236 466712
708 149828 881515
709 739620 657756
710 562060 719412
711 385100 541074
712 229937 525860
713 640623 805803
714 216196 938231
715 224788 887553
716 648105 434966
717 779282 481714
718 238655 792062
719 172564 901397
720 822727 271915
721 854199 909632
722 844119 951135
723 200722 672923
724 310716 866231
725 258277 443382
726 958580 795701
727 965949 437049
728 260255 992037
729 240905 962697
730 796503 945807
731 988709 310434
732 368359 346600
733 940877 635721
734 113835 79558
735 879610 261257
736 266833 864265
737 28244 27965
738 28568 793888
739 928506 558474
740 437871 624329
741 646598 174730
742 258931 150831
743 759198 602015
744 532015 26384
745 69912 425466
746 654738 464460
747 513222 546716
748 49502 488597
749 488954 676566
750 12046 599247
751 368968 119977
752 828814 290505
753 70879 301689
754 577999 571657
755 832411 591562
756 127809 156712
757 108584 190155
758 785126 80135
759 554248 763684
760 163939 722439
761 553498 154776
762 409452 489996
763 87652 315109
764 654408 188352
765 391119 88133
766 735975 778342
767 437901 288057
768 778707 339345
769 687078 62126
770 185736 497611
771 128474 292135
772 313357 968780
773 727441 489774
774 837937 521636
775 774402 623678
776 223171 710059
777 938570 662430
778 746444 303917
779 291998 284479
780 653466 38334
781 940566 593742
782 821706 441752
783 420715 967551
784 439665 811001
785 444009 601501
786 354023 375930
787 834788 830992
788 497201 963791
789 831707 402502
790 821279 336142
791 100350 441564
792 46597 428806
793 732444 94683
794 581078 407254
795 848121 683976
796 896575 231668
797 639817 577625
798 910814 627744
799 310790 590615
800 372813 168292
801 600706 174111
802 761748 993276
803 795868 2874
804 514578 663381
805 288703 95821
806 597493 306523
807 743472 136567
808 338322 950322
809 746139 416367
810 330511 202919
811 3886 349287
812 383575 158788
813 172724 348008
814 115889 992822
815 616337 568795
816 726222 844383
817 430438 747591
818 144366 946553
819 325009 781761
820 354756 709983
821 898303 206790
822 936016 839763
823 489949 371078
824 874598 752198
825 964984 521987
826 967253 208382
827 772043 288616
828 880113 278460
829 256868 912649
830 774504 335437
831 768188 277166
832 471800 655717
833 146840 985923
834 476577 308824
835 895092 611649
836 394927 220211
837 258696 456513
838 703611 92208
839 293470 349505
840 305884 976819
841 103907 754755
842 731051 581163
843 340298 328937
844 254213 955994
845 568743 169314
846 669371 555602
847 210175 930068
848 496925 856753
849 111194 651309
850 442150 101131
851 338757 232275
852 182743 536268
853 178775 863489
854 327309 697652
855 94853 741966
856 511580 353639
857 815129 857603
858 84067 218732
859 92261 589643
860 97064 638471
861 576476 330461
862 474124 234565
863 324873 264602
864 853128 450563
865 219809 194012
866 515974 766375
867 66889 831980
868 478443 962877
869 339263 306815
870 447800 952926
871 630893 558429
872 665772 64076
873 897457 270425
874 738029 560627
875 119420 217853
876 21922 56940
877 313160 824001
878 99207 42700
879 740010 567409
880 376592 310665
881 597371 43883
882 75716 770618
883 825095 502570
884 680077 846224
885 199664 847593
886 199488 97131
887 256283 354588
888 711320 20034
889 919392 223673
890 160725 174719
891 732508 551912
892 941840 256239
893 983863 416055
894 428107 528236
895 180421 233233
896 817113 677967
897 107093 619169
898 554605 10729
899 320323 686887
900 671362 844751
901 495651 478537
902 769074 401155
903 667394 637262
904 172661 296194
905 449305 702417
906 149649 55142
907 749466 935816
908 59527 746468
909 143511 820190
910 849755 728597
911 957774 571152
912 661219 380104
913 642577 989261
914 731708 511035
915 380673 100352
916 337271 195805
917 931382 632308
918 856932 370108
919 922589 306615
920 855747 838202
921 431708 185306
922 515170 89435
923 999388 482701
924 142743 58621
925 409758 241934
926 923700 361155
927 828464 459927
928 105119 901541
929 757962 621247
930 76080 650618
931 625102 46965
932 424899 982984
933 590484 440732
934 516739 220690
935 187284 762892
936 639752 253996
937 345478 295728
938 450599 467212
939 857906 610203
940 720298 263156
